Gender	Information	Product	Consumer	Age	Informedliking
1	1	1	1	46	5
1	2	1	1	46	5
1	1	2	1	46	4
1	2	2	1	46	4
1	1	3	1	46	4
1	2	3	1	46	6
1	1	4	1	46	6
1	2	4	1	46	6
2	1	1	2	48	5
2	2	1	2	48	5
2	1	2	2	48	8
2	2	2	2	48	9
2	1	3	2	48	8
2	2	3	2	48	8
2	1	4	2	48	7
2	2	4	2	48	7
1	1	1	3	62	7
1	2	1	3	62	7
1	1	2	3	62	3
1	2	2	3	62	7
1	1	3	3	62	7
1	2	3	3	62	8
1	1	4	3	62	8
1	2	4	3	62	4
1	1	1	4	53	7
1	2	1	4	53	7
1	1	2	4	53	3
1	2	2	4	53	2
1	1	3	4	53	5
1	2	3	4	53	5
1	1	4	4	53	5
1	2	4	4	53	6
2	1	1	5	50	3
2	2	1	5	50	5
2	1	2	5	50	3
2	2	2	5	50	3
2	1	3	5	50	5
2	2	3	5	50	7
2	1	4	5	50	7
2	2	4	5	50	6
1	1	1	6	52	5
1	2	1	6	52	5
1	1	2	6	52	5
1	2	2	6	52	4
1	1	3	6	52	8
1	2	3	6	52	8
1	1	4	6	52	3
1	2	4	6	52	7
2	1	1	7	38	9
2	2	1	7	38	8
2	1	2	7	38	1
2	2	2	7	38	2
2	1	3	7	38	7
2	2	3	7	38	8
2	1	4	7	38	4
2	2	4	7	38	3
1	1	1	8	35	6
1	2	1	8	35	7
1	1	2	8	35	5
1	2	2	8	35	6
1	1	3	8	35	6
1	2	3	8	35	9
1	1	4	8	35	8
1	2	4	8	35	8
1	1	1	9	62	6
1	2	1	9	62	7
1	1	2	9	62	5
1	2	2	9	62	6
1	1	3	9	62	8
1	2	3	9	62	8
1	1	4	9	62	5
1	2	4	9	62	8
1	1	1	10	44	6
1	2	1	10	44	5
1	1	2	10	44	8
1	2	2	10	44	9
1	1	3	10	44	7
1	2	3	10	44	9
1	1	4	10	44	7
1	2	4	10	44	7
2	1	1	11	41	9
2	2	1	11	41	9
2	1	2	11	41	1
2	2	2	11	41	1
2	1	3	11	41	9
2	2	3	11	41	3
2	1	4	11	41	7
2	2	4	11	41	6
2	1	1	12	31	3
2	2	1	12	31	3
2	1	2	12	31	1
2	2	2	12	31	1
2	1	3	12	31	6
2	2	3	12	31	7
2	1	4	12	31	8
2	2	4	12	31	8
2	1	1	13	53	8
2	2	1	13	53	8
2	1	2	13	53	1
2	2	2	13	53	1
2	1	3	13	53	6
2	2	3	13	53	5
2	1	4	13	53	8
2	2	4	13	53	8
2	1	1	14	42	9
2	2	1	14	42	8
2	1	2	14	42	1
2	2	2	14	42	1
2	1	3	14	42	3
2	2	3	14	42	4
2	1	4	14	42	7
2	2	4	14	42	5
1	1	1	15	33	4
1	2	1	15	33	5
1	1	2	15	33	6
1	2	2	15	33	7
1	1	3	15	33	7
1	2	3	15	33	7
1	1	4	15	33	7
1	2	4	15	33	8
2	1	1	16	55	7
2	2	1	16	55	2
2	1	2	16	55	1
2	2	2	16	55	1
2	1	3	16	55	5
2	2	3	16	55	7
2	1	4	16	55	5
2	2	4	16	55	8
1	1	1	17	35	7
1	2	1	17	35	8
1	1	2	17	35	5
1	2	2	17	35	5
1	1	3	17	35	7
1	2	3	17	35	8
1	1	4	17	35	4
1	2	4	17	35	3
1	1	1	18	54	9
1	2	1	18	54	7
1	1	2	18	54	3
1	2	2	18	54	2
1	1	3	18	54	6
1	2	3	18	54	6
1	1	4	18	54	7
1	2	4	18	54	8
1	1	1	19	50	9
1	2	1	19	50	9
1	1	2	19	50	1
1	2	2	19	50	1
1	1	3	19	50	1
1	2	3	19	50	1
1	1	4	19	50	5
1	2	4	19	50	5
1	1	1	20	59	7
1	2	1	20	59	7
1	1	2	20	59	2
1	2	2	20	59	2
1	1	3	20	59	7
1	2	3	20	59	8
1	1	4	20	59	6
1	2	4	20	59	4
1	1	1	21	38	7
1	2	1	21	38	7
1	1	2	21	38	1
1	2	2	21	38	2
1	1	3	21	38	4
1	2	3	21	38	3
1	1	4	21	38	4
1	2	4	21	38	5
2	1	1	22	36	8
2	2	1	22	36	4
2	1	2	22	36	1
2	2	2	22	36	1
2	1	3	22	36	5
2	2	3	22	36	2
2	1	4	22	36	4
2	2	4	22	36	3
2	1	1	23	44	7
2	2	1	23	44	6
2	1	2	23	44	1
2	2	2	23	44	1
2	1	3	23	44	2
2	2	3	23	44	2
2	1	4	23	44	5
2	2	4	23	44	2
1	1	1	24	54	8
1	2	1	24	54	8
1	1	2	24	54	7
1	2	2	24	54	7
1	1	3	24	54	9
1	2	3	24	54	8
1	1	4	24	54	7
1	2	4	24	54	8
1	1	1	25	50	5
1	2	1	25	50	5
1	1	2	25	50	6
1	2	2	25	50	7
1	1	3	25	50	6
1	2	3	25	50	7
1	1	4	25	50	7
1	2	4	25	50	8
2	1	1	26	45	8
2	2	1	26	45	7
2	1	2	26	45	1
2	2	2	26	45	1
2	1	3	26	45	6
2	2	3	26	45	8
2	1	4	26	45	6
2	2	4	26	45	3
2	1	1	29	48	1
2	2	1	29	48	8
2	1	2	29	48	1
2	2	2	29	48	1
2	1	3	29	48	7
2	2	3	29	48	7
2	1	4	29	48	1
2	2	4	29	48	2
2	1	1	30	45	6
2	2	1	30	45	6
2	1	2	30	45	8
2	2	2	30	45	7
2	1	3	30	45	6
2	2	3	30	45	7
2	1	4	30	45	7
2	2	4	30	45	6
1	1	1	31	45	6
1	2	1	31	45	7
1	1	2	31	45	8
1	2	2	31	45	7
1	1	3	31	45	8
1	2	3	31	45	7
1	1	4	31	45	8
1	2	4	31	45	8
2	1	1	32	41	8
2	2	1	32	41	8
2	1	2	32	41	4
2	2	2	32	41	5
2	1	3	32	41	8
2	2	3	32	41	8
2	1	4	32	41	5
2	2	4	32	41	7
1	1	1	33	43	3
1	2	1	33	43	5
1	1	2	33	43	1
1	2	2	33	43	1
1	1	3	33	43	1
1	2	3	33	43	3
1	1	4	33	43	6
1	2	4	33	43	2
1	1	1	34	44	4
1	2	1	34	44	5
1	1	2	34	44	6
1	2	2	34	44	7
1	1	3	34	44	7
1	2	3	34	44	6
1	1	4	34	44	7
1	2	4	34	44	8
2	1	1	35	47	5
2	2	1	35	47	8
2	1	2	35	47	3
2	2	2	35	47	5
2	1	3	35	47	5
2	2	3	35	47	8
2	1	4	35	47	7
2	2	4	35	47	7
2	1	1	36	35	6
2	2	1	36	35	6
2	1	2	36	35	8
2	2	2	36	35	9
2	1	3	36	35	7
2	2	3	36	35	7
2	1	4	36	35	8
2	2	4	36	35	6
1	1	1	37	40	2
1	2	1	37	40	4
1	1	2	37	40	6
1	2	2	37	40	7
1	1	3	37	40	8
1	2	3	37	40	7
1	1	4	37	40	5
1	2	4	37	40	6
1	1	1	38	45	7
1	2	1	38	45	6
1	1	2	38	45	4
1	2	2	38	45	4
1	1	3	38	45	5
1	2	3	38	45	3
1	1	4	38	45	5
1	2	4	38	45	4
1	1	1	39	58	6
1	2	1	39	58	8
1	1	2	39	58	6
1	2	2	39	58	8
1	1	3	39	58	5
1	2	3	39	58	7
1	1	4	39	58	4
1	2	4	39	58	4
2	1	1	40	40	1
2	2	1	40	40	5
2	1	2	40	40	2
2	2	2	40	40	3
2	1	3	40	40	8
2	2	3	40	40	8
2	1	4	40	40	9
2	2	4	40	40	7
1	1	1	41	51	6
1	2	1	41	51	6
1	1	2	41	51	4
1	2	2	41	51	5
1	1	3	41	51	6
1	2	3	41	51	5
1	1	4	41	51	5
1	2	4	41	51	4
1	1	1	42	54	5
1	2	1	42	54	6
1	1	2	42	54	6
1	2	2	42	54	7
1	1	3	42	54	7
1	2	3	42	54	8
1	1	4	42	54	8
1	2	4	42	54	9
1	1	1	43	44	8
1	2	1	43	44	7
1	1	2	43	44	5
1	2	2	43	44	2
1	1	3	43	44	7
1	2	3	43	44	8
1	1	4	43	44	6
1	2	4	43	44	5
2	1	1	44	56	4
2	2	1	44	56	8
2	1	2	44	56	3
2	2	2	44	56	5
2	1	3	44	56	4
2	2	3	44	56	4
2	1	4	44	56	2
2	2	4	44	56	2
2	1	1	45	32	9
2	2	1	45	32	9
2	1	2	45	32	3
2	2	2	45	32	6
2	1	3	45	32	2
2	2	3	45	32	2
2	1	4	45	32	6
2	2	4	45	32	4
1	1	1	46	62	7
1	2	1	46	62	3
1	1	2	46	62	9
1	2	2	46	62	8
1	1	3	46	62	3
1	2	3	46	62	8
1	1	4	46	62	1
1	2	4	46	62	1
2	1	1	47	62	1
2	2	1	47	62	1
2	1	2	47	62	9
2	2	2	47	62	1
2	1	3	47	62	7
2	2	3	47	62	5
2	1	4	47	62	1
2	2	4	47	62	1
2	1	1	48	41	7
2	2	1	48	41	7
2	1	2	48	41	1
2	2	2	48	41	1
2	1	3	48	41	5
2	2	3	48	41	6
2	1	4	48	41	6
2	2	4	48	41	6
1	1	1	49	67	3
1	2	1	49	67	3
1	1	2	49	67	6
1	2	2	49	67	8
1	1	3	49	67	6
1	2	3	49	67	8
1	1	4	49	67	7
1	2	4	49	67	8
2	1	1	50	42	3
2	2	1	50	42	2
2	1	2	50	42	7
2	2	2	50	42	8
2	1	3	50	42	9
2	2	3	50	42	9
2	1	4	50	42	6
2	2	4	50	42	7
2	1	1	51	48	5
2	2	1	51	48	7
2	1	2	51	48	7
2	2	2	51	48	9
2	1	3	51	48	9
2	2	3	51	48	9
2	1	4	51	48	9
2	2	4	51	48	9
2	1	1	52	39	9
2	2	1	52	39	9
2	1	2	52	39	5
2	2	2	52	39	5
2	1	3	52	39	6
2	2	3	52	39	7
2	1	4	52	39	3
2	2	4	52	39	4
1	1	1	53	55	5
1	2	1	53	55	5
1	1	2	53	55	9
1	2	2	53	55	7
1	1	3	53	55	5
1	2	3	53	55	5
1	1	4	53	55	8
1	2	4	53	55	7
2	1	1	54	61	3
2	2	1	54	61	3
2	1	2	54	61	7
2	2	2	54	61	8
2	1	3	54	61	7
2	2	3	54	61	8
2	1	4	54	61	8
2	2	4	54	61	8
1	1	1	55	61	6
1	2	1	55	61	3
1	1	2	55	61	2
1	2	2	55	61	7
1	1	3	55	61	8
1	2	3	55	61	6
1	1	4	55	61	3
1	2	4	55	61	8
2	1	1	56	46	6
2	2	1	56	46	7
2	1	2	56	46	6
2	2	2	56	46	7
2	1	3	56	46	3
2	2	3	56	46	4
2	1	4	56	46	2
2	2	4	56	46	2
1	1	1	57	64	5
1	2	1	57	64	5
1	1	2	57	64	6
1	2	2	57	64	7
1	1	3	57	64	6
1	2	3	57	64	9
1	1	4	57	64	7
1	2	4	57	64	8
1	1	1	58	64	6
1	2	1	58	64	5
1	1	2	58	64	8
1	2	2	58	64	9
1	1	3	58	64	7
1	2	3	58	64	9
1	1	4	58	64	8
1	2	4	58	64	8
1	1	1	59	32	5
1	2	1	59	32	6
1	1	2	59	32	7
1	2	2	59	32	9
1	1	3	59	32	9
1	2	3	59	32	8
1	1	4	59	32	7
1	2	4	59	32	6
1	1	1	60	45	6
1	2	1	60	45	5
1	1	2	60	45	5
1	2	2	60	45	4
1	1	3	60	45	6
1	2	3	60	45	4
1	1	4	60	45	6
1	2	4	60	45	3
1	1	1	61	30	8
1	2	1	61	30	7
1	1	2	61	30	4
1	2	2	61	30	4
1	1	3	61	30	5
1	2	3	61	30	5
1	1	4	61	30	7
1	2	4	61	30	6
2	1	1	62	58	5
2	2	1	62	58	5
2	1	2	62	58	8
2	2	2	62	58	9
2	1	3	62	58	9
2	2	3	62	58	8
2	1	4	62	58	9
2	2	4	62	58	8
2	1	1	63	42	6
2	2	1	63	42	5
2	1	2	63	42	8
2	2	2	63	42	7
2	1	3	63	42	5
2	2	3	63	42	7
2	1	4	63	42	6
2	2	4	63	42	5
2	1	1	64	44	6
2	2	1	64	44	3
2	1	2	64	44	8
2	2	2	64	44	7
2	1	3	64	44	6
2	2	3	64	44	7
2	1	4	64	44	6
2	2	4	64	44	5
1	1	1	65	48	8
1	2	1	65	48	8
1	1	2	65	48	3
1	2	2	65	48	4
1	1	3	65	48	4
1	2	3	65	48	3
1	1	4	65	48	3
1	2	4	65	48	3
2	1	1	66	70	5
2	2	1	66	70	7
2	1	2	66	70	7
2	2	2	66	70	3
2	1	3	66	70	1
2	2	3	66	70	6
2	1	4	66	70	8
2	2	4	66	70	4
1	1	1	67	64	6
1	2	1	67	64	6
1	1	2	67	64	8
1	2	2	67	64	7
1	1	3	67	64	8
1	2	3	67	64	7
1	1	4	67	64	6
1	2	4	67	64	7
2	1	1	68	60	9
2	2	1	68	60	6
2	1	2	68	60	2
2	2	2	68	60	3
2	1	3	68	60	1
2	2	3	68	60	1
2	1	4	68	60	8
2	2	4	68	60	3
2	1	1	69	36	4
2	2	1	69	36	5
2	1	2	69	36	7
2	2	2	69	36	7
2	1	3	69	36	6
2	2	3	69	36	8
2	1	4	69	36	7
2	2	4	69	36	7
2	1	1	70	36	6
2	2	1	70	36	7
2	1	2	70	36	2
2	2	2	70	36	4
2	1	3	70	36	3
2	2	3	70	36	2
2	1	4	70	36	6
2	2	4	70	36	8
1	1	1	71	34	7
1	2	1	71	34	3
1	1	2	71	34	7
1	2	2	71	34	8
1	1	3	71	34	9
1	2	3	71	34	9
1	1	4	71	34	5
1	2	4	71	34	5
2	1	1	73	43	1
2	2	1	73	43	3
2	1	2	73	43	9
2	2	2	73	43	9
2	1	3	73	43	9
2	2	3	73	43	9
2	1	4	73	43	6
2	2	4	73	43	6
2	1	1	74	44	6
2	2	1	74	44	7
2	1	2	74	44	5
2	2	2	74	44	7
2	1	3	74	44	9
2	2	3	74	44	9
2	1	4	74	44	9
2	2	4	74	44	9
1	1	1	75	50	4
1	2	1	75	50	5
1	1	2	75	50	9
1	2	2	75	50	9
1	1	3	75	50	3
1	2	3	75	50	3
1	1	4	75	50	8
1	2	4	75	50	8
2	1	1	76	38	2
2	2	1	76	38	7
2	1	2	76	38	7
2	2	2	76	38	9
2	1	3	76	38	3
2	2	3	76	38	9
2	1	4	76	38	9
2	2	4	76	38	9
2	1	1	77	42	1
2	2	1	77	42	4
2	1	2	77	42	7
2	2	2	77	42	9
2	1	3	77	42	7
2	2	3	77	42	7
2	1	4	77	42	9
2	2	4	77	42	9
1	1	1	78	38	6
1	2	1	78	38	4
1	1	2	78	38	4
1	2	2	78	38	7
1	1	3	78	38	9
1	2	3	78	38	9
1	1	4	78	38	8
1	2	4	78	38	8
2	1	1	79	38	7
2	2	1	79	38	8
2	1	2	79	38	7
2	2	2	79	38	7
2	1	3	79	38	4
2	2	3	79	38	4
2	1	4	79	38	6
2	2	4	79	38	6
2	1	1	80	37	7
2	2	1	80	37	8
2	1	2	80	37	8
2	2	2	80	37	5
2	1	3	80	37	4
2	2	3	80	37	1
2	1	4	80	37	3
2	2	4	80	37	4
1	1	1	81	52	6
1	2	1	81	52	6
1	1	2	81	52	3
1	2	2	81	52	3
1	1	3	81	52	3
1	2	3	81	52	4
1	1	4	81	52	3
1	2	4	81	52	6
2	1	1	82	47	9
2	2	1	82	47	5
2	1	2	82	47	9
2	2	2	82	47	8
2	1	3	82	47	9
2	2	3	82	47	7
2	1	4	82	47	6
2	2	4	82	47	6
1	1	1	83	48	1
1	2	1	83	48	6
1	1	2	83	48	3
1	2	2	83	48	8
1	1	3	83	48	4
1	2	3	83	48	6
1	1	4	83	48	7
1	2	4	83	48	5
1	1	1	84	43	6
1	2	1	84	43	5
1	1	2	84	43	6
1	2	2	84	43	6
1	1	3	84	43	4
1	2	3	84	43	8
1	1	4	84	43	5
1	2	4	84	43	4
